35381 17 11 16 6
35439 16 17 12 14
35646 8 7 19 17
36234 6 16 16 20
36247 18 10 6 19
36313 19 13 16 9
36337 14 6 17 13
36359 20 13 17 14
36730 19 16 10 18
36758 10 19 20 19
36929 19 14 19 17
36985 18 16 11 6
36989 19 10 12 11
37054 15 19 19 9
37226 13 16 13 19
37303 14 6 7 9
37527 18 18 20 12
37652 19 6 11 7
37787 8 10 7 11
37806 7 6 18 15
37877 14 19 10 10
38054 10 15 20 9
38262 13 6 11 9
38317 12 14 19 17
38421 17 6 6 16
38428 14 14 16 13
38599 7 18 11 19
38613 6 9 15 7
38659 12 13 16 10
38700 18 11 13 17
38756 7 12 18 12
38860 10 20 17 6
38862 12 11 17 8
38964 16 17 11 7
38999 12 14 10 12
39025 16 7 12 19
39242 6 9 7 12
39287 15 7 10 19
39334 15 6 7 6
39449 6 20 12 17
39548 18 7 16 7
39610 9 13 7 19
39644 16 19 19 18
39649 17 18 16 16
39651 17 20 11 18
39866 13 9 15 11
40044 12 9 13 11
40190 7 19 7 9
40361 10 20 8 16
40395 8 17 13 12
40534 13 13 18 6
40607 10 13 17 8
40619 14 7 6 12
40722 19 13 7 8
40756 17 8 15 18
40772 6 14 17 19
40777 14 12 11 20
40861 15 17 10 17
40947 18 20 17 11
40997 13 14 14 18
41231 14 16 17 6
41319 15 9 9 14
41459 19 11 15 8
41649 7 11 20 20
41674 12 13 18 11
41822 18 6 13 10
41841 16 11 8 13
42172 16 11 12 17
42337 7 16 13 10
42384 15 13 17 10
42385 16 16 10 20
42502 16 17 16 8
43001 13 17 14 7
43062 8 13 11 18
43365 8 15 12 15
43396 9 15 19 8
43541 12 9 11 18
43560 6 20 14 17
43824 20 6 7 11
43990 13 14 6 7
44010 6 10 9 14
44175 6 20 6 12
44269 8 18 14 15
44295 17 10 9 10
44324 15 17 9 18
44578 7 10 6 6
44650 18 10 14 15
44864 10 6 9 8
44949 18 16 19 14
45123 15 9 16 12
45139 15 13 13 15
45184 17 15 10 13
45191 14 18 6 8
45196 7 8 15 17
45236 8 13 15 8
45376 12 19 7 15
45464 20 7 6 14
45467 10 14 15 14
45492 15 9 13 19
45962 10 14 20 18