35381 17 11 16 6 17
35439 16 17 12 14 17
35646 8 7 19 17 19
36234 6 16 16 20 20
36247 18 10 6 19 19
36313 19 13 16 9 19
36337 14 6 17 13 17
36359 20 13 17 14 20
36730 19 16 10 18 19
36758 10 19 20 19 20
36929 19 14 19 17 19
36985 18 16 11 6 18
36989 19 10 12 11 19
37054 15 19 19 9 19
37226 13 16 13 19 19
37303 14 6 7 9 14
37527 18 18 20 12 20
37652 19 6 11 7 19
37787 8 10 7 11 11
37806 7 6 18 15 18
37877 14 19 10 10 19
38054 10 15 20 9 20
38262 13 6 11 9 13
38317 12 14 19 17 19
38421 17 6 6 16 17
38428 14 14 16 13 16
38599 7 18 11 19 19
38613 6 9 15 7 15
38659 12 13 16 10 16
38700 18 11 13 17 18
38756 7 12 18 12 18
38860 10 20 17 6 20
38862 12 11 17 8 17
38964 16 17 11 7 17
38999 12 14 10 12 14
39025 16 7 12 19 19
39242 6 9 7 12 12
39287 15 7 10 19 19
39334 15 6 7 6 15
39449 6 20 12 17 20
39548 18 7 16 7 18
39610 9 13 7 19 19
39644 16 19 19 18 19
39649 17 18 16 16 18
39651 17 20 11 18 20
39866 13 9 15 11 15
40044 12 9 13 11 13
40190 7 19 7 9 19
40361 10 20 8 16 20
40395 8 17 13 12 17
40534 13 13 18 6 18
40607 10 13 17 8 17
40619 14 7 6 12 14
40722 19 13 7 8 19
40756 17 8 15 18 18
40772 6 14 17 19 19
40777 14 12 11 20 20
40861 15 17 10 17 17
40947 18 20 17 11 20
40997 13 14 14 18 18
41231 14 16 17 6 17
41319 15 9 9 14 15
41459 19 11 15 8 19
41649 7 11 20 20 20
41674 12 13 18 11 18
41822 18 6 13 10 18
41841 16 11 8 13 16
42172 16 11 12 17 17
42337 7 16 13 10 16
42384 15 13 17 10 17
42385 16 16 10 20 20
42502 16 17 16 8 17
43001 13 17 14 7 17
43062 8 13 11 18 18
43365 8 15 12 15 15
43396 9 15 19 8 19
43541 12 9 11 18 18
43560 6 20 14 17 20
43824 20 6 7 11 20
43990 13 14 6 7 14
44010 6 10 9 14 14
44175 6 20 6 12 20
44269 8 18 14 15 18
44295 17 10 9 10 17
44324 15 17 9 18 18
44578 7 10 6 6 10
44650 18 10 14 15 18
44864 10 6 9 8 10
44949 18 16 19 14 19
45123 15 9 16 12 16
45139 15 13 13 15 15
45184 17 15 10 13 17
45191 14 18 6 8 18
45196 7 8 15 17 17
45236 8 13 15 8 15
45376 12 19 7 15 19
45464 20 7 6 14 20
45467 10 14 15 14 15
45492 15 9 13 19 19
45962 10 14 20 18 20
